0 1
1 13 0 0 0 0 0.0 0.0 10.0 10.0005512348 0.105 50.0 -100.0 0.0 0.0
1 1
1 13 0 0 0 0 0.0 0.0 10.0 10.0005512348 0.105 50.0 -89.4736842105 0.0 0.0
2 1
1 13 0 0 0 0 0.0 0.0 10.0 10.0005512348 0.105 50.0 -78.9473684211 0.0 0.0
3 1
1 13 0 0 0 0 0.0 0.0 10.0 10.0005512348 0.105 50.0 -68.4210526316 0.0 0.0
4 1
1 13 0 0 0 0 0.0 0.0 10.0 10.0005512348 0.105 50.0 -57.8947368421 0.0 0.0
5 1
1 13 0 0 0 0 0.0 0.0 10.0 10.0005512348 0.105 50.0 -47.3684210526 0.0 0.0
6 1
1 13 0 0 0 0 0.0 0.0 10.0 10.0005512348 0.105 50.0 -36.8421052632 0.0 0.0
7 1
1 13 0 0 0 0 0.0 0.0 10.0 10.0005512348 0.105 50.0 -26.3157894737 0.0 0.0
8 1
1 13 0 0 0 0 0.0 0.0 10.0 10.0005512348 0.105 50.0 -15.7894736842 0.0 0.0
9 1
1 13 0 0 0 0 0.0 0.0 10.0 10.0005512348 0.105 50.0 -5.26315789474 0.0 0.0
10 1
1 13 0 0 0 0 0.0 0.0 10.0 10.0005512348 0.105 50.0 5.26315789474 0.0 0.0
11 1
1 13 0 0 0 0 0.0 0.0 10.0 10.0005512348 0.105 50.0 15.7894736842 0.0 0.0
12 1
1 13 0 0 0 0 0.0 0.0 10.0 10.0005512348 0.105 50.0 26.3157894737 0.0 0.0
13 1
1 13 0 0 0 0 0.0 0.0 10.0 10.0005512348 0.105 50.0 36.8421052632 0.0 0.0
14 1
1 13 0 0 0 0 0.0 0.0 10.0 10.0005512348 0.105 50.0 47.3684210526 0.0 0.0
15 1
1 13 0 0 0 0 0.0 0.0 10.0 10.0005512348 0.105 50.0 57.8947368421 0.0 0.0
16 1
1 13 0 0 0 0 0.0 0.0 10.0 10.0005512348 0.105 50.0 68.4210526316 0.0 0.0
17 1
1 13 0 0 0 0 0.0 0.0 10.0 10.0005512348 0.105 50.0 78.9473684211 0.0 0.0
18 1
1 13 0 0 0 0 0.0 0.0 10.0 10.0005512348 0.105 50.0 89.4736842105 0.0 0.0
19 1
1 13 0 0 0 0 0.0 0.0 10.0 10.0005512348 0.105 50.0 100.0 0.0 0.0
