0 1
1 13 0 0 0 0 0.0 0.0 10.0 10.0005512348 0.105 0.0 0.0 0.0 0.0
1 1
1 13 0 0 0 0 0.0 0.0 10.0 10.0005512348 0.105 11.5789473684 0.0 0.0 0.0
2 1
1 13 0 0 0 0 0.0 0.0 10.0 10.0005512348 0.105 23.1578947368 0.0 0.0 0.0
3 1
1 13 0 0 0 0 0.0 0.0 10.0 10.0005512348 0.105 34.7368421053 0.0 0.0 0.0
4 1
1 13 0 0 0 0 0.0 0.0 10.0 10.0005512348 0.105 46.3157894737 0.0 0.0 0.0
5 1
1 13 0 0 0 0 0.0 0.0 10.0 10.0005512348 0.105 57.8947368421 0.0 0.0 0.0
6 1
1 13 0 0 0 0 0.0 0.0 10.0 10.0005512348 0.105 69.4736842105 0.0 0.0 0.0
7 1
1 13 0 0 0 0 0.0 0.0 10.0 10.0005512348 0.105 81.0526315789 0.0 0.0 0.0
8 1
1 13 0 0 0 0 0.0 0.0 10.0 10.0005512348 0.105 92.6315789474 0.0 0.0 0.0
9 1
1 13 0 0 0 0 0.0 0.0 10.0 10.0005512348 0.105 104.210526316 0.0 0.0 0.0
10 1
1 13 0 0 0 0 0.0 0.0 10.0 10.0005512348 0.105 115.789473684 0.0 0.0 0.0
11 1
1 13 0 0 0 0 0.0 0.0 10.0 10.0005512348 0.105 127.368421053 0.0 0.0 0.0
12 1
1 13 0 0 0 0 0.0 0.0 10.0 10.0005512348 0.105 138.947368421 0.0 0.0 0.0
13 1
1 13 0 0 0 0 0.0 0.0 10.0 10.0005512348 0.105 150.526315789 0.0 0.0 0.0
14 1
1 13 0 0 0 0 0.0 0.0 10.0 10.0005512348 0.105 162.105263158 0.0 0.0 0.0
15 1
1 13 0 0 0 0 0.0 0.0 10.0 10.0005512348 0.105 173.684210526 0.0 0.0 0.0
16 1
1 13 0 0 0 0 0.0 0.0 10.0 10.0005512348 0.105 185.263157895 0.0 0.0 0.0
17 1
1 13 0 0 0 0 0.0 0.0 10.0 10.0005512348 0.105 196.842105263 0.0 0.0 0.0
18 1
1 13 0 0 0 0 0.0 0.0 10.0 10.0005512348 0.105 208.421052632 0.0 0.0 0.0
19 1
1 13 0 0 0 0 0.0 0.0 10.0 10.0005512348 0.105 220.0 0.0 0.0 0.0
