0 1
1 13 0 0 0 0 0.0 0.0 1.0 1.005497 0.105 100.0 100.0 100.0 0.0
#1 1
#1 13 0 0 0 0 0.0 0.0 1.0 1.005497 0.105 200.0 100.0 100.0 0.0
#2 1
#1 13 0 0 0 0 0.0 0.0 1.0 1.005497 0.105 200.0 100.0 100.0 0.0
#3 1
#1 13 0 0 0 0 0.0 0.0 1.0 1.005497 0.105 200.0 100.0 100.0 0.0
#4 1
#1 13 0 0 0 0 0.0 0.0 1.0 1.005497 0.105 200.0 100.0 100.0 0.0
#5 1
#1 13 0 0 0 0 0.0 0.0 1.0 1.005497 0.105 200.0 100.0 100.0 0.0
#6 1
#1 13 0 0 0 0 0.0 0.0 1.0 1.005497 0.105 200.0 100.0 100.0 0.0
#7 1
#1 13 0 0 0 0 0.0 0.0 1.0 1.005497 0.105 200.0 100.0 100.0 0.0
#8 1
#1 13 0 0 0 0 0.0 0.0 1.0 1.005497 0.105 200.0 100.0 100.0 0.0
#9 1
#1 13 0 0 0 0 0.0 0.0 1.0 1.005497 0.105 200.0 100.0 100.0 0.0



