0 1
1 13 0 0 0 0 0.0 -10.0 0.0 10.0005512348 0.105 50.0 115.0 0.0 0.0
1 1
1 13 0 0 0 0 0.0 -10.0 0.0 10.0005512348 0.105 50.0 115.0 7.89473684211 0.0
2 1
1 13 0 0 0 0 0.0 -10.0 0.0 10.0005512348 0.105 50.0 115.0 15.7894736842 0.0
3 1
1 13 0 0 0 0 0.0 -10.0 0.0 10.0005512348 0.105 50.0 115.0 23.6842105263 0.0
4 1
1 13 0 0 0 0 0.0 -10.0 0.0 10.0005512348 0.105 50.0 115.0 31.5789473684 0.0
5 1
1 13 0 0 0 0 0.0 -10.0 0.0 10.0005512348 0.105 50.0 115.0 39.4736842105 0.0
6 1
1 13 0 0 0 0 0.0 -10.0 0.0 10.0005512348 0.105 50.0 115.0 47.3684210526 0.0
7 1
1 13 0 0 0 0 0.0 -10.0 0.0 10.0005512348 0.105 50.0 115.0 55.2631578947 0.0
8 1
1 13 0 0 0 0 0.0 -10.0 0.0 10.0005512348 0.105 50.0 115.0 63.1578947368 0.0
9 1
1 13 0 0 0 0 0.0 -10.0 0.0 10.0005512348 0.105 50.0 115.0 71.0526315789 0.0
10 1
1 13 0 0 0 0 0.0 -10.0 0.0 10.0005512348 0.105 50.0 115.0 78.9473684211 0.0
11 1
1 13 0 0 0 0 0.0 -10.0 0.0 10.0005512348 0.105 50.0 115.0 86.8421052632 0.0
12 1
1 13 0 0 0 0 0.0 -10.0 0.0 10.0005512348 0.105 50.0 115.0 94.7368421053 0.0
13 1
1 13 0 0 0 0 0.0 -10.0 0.0 10.0005512348 0.105 50.0 115.0 102.631578947 0.0
14 1
1 13 0 0 0 0 0.0 -10.0 0.0 10.0005512348 0.105 50.0 115.0 110.526315789 0.0
15 1
1 13 0 0 0 0 0.0 -10.0 0.0 10.0005512348 0.105 50.0 115.0 118.421052632 0.0
16 1
1 13 0 0 0 0 0.0 -10.0 0.0 10.0005512348 0.105 50.0 115.0 126.315789474 0.0
17 1
1 13 0 0 0 0 0.0 -10.0 0.0 10.0005512348 0.105 50.0 115.0 134.210526316 0.0
18 1
1 13 0 0 0 0 0.0 -10.0 0.0 10.0005512348 0.105 50.0 115.0 142.105263158 0.0
19 1
1 13 0 0 0 0 0.0 -10.0 0.0 10.0005512348 0.105 50.0 115.0 150.0 0.0
